start=297.600000
volume=68.650002
sub-scale=0.700000
