start=288.500000
volume=118.766670
