start=75.700000
volume=112.000000
sid=1
